strategic_region = {
	id = 9
	name = "STRATEGICREGION_9"

	provinces = {
		24 51 100 138 216 270 276 377 425 477 490 498 555 561 586 601 610 616 623 640 681 827 836 840 979 1106 1165 1268 1284 1319 1389 1421 1425 1488 1516 1569 1582 1606 1608 1669 1678 1780 1821 1830 1863 1954 1966 2009 2010 2148 2171 2184 2208 2218 2227 2265 2270 2305 2316 2343 2380 2394 2406 2472 2512 2518 2526 2609 2635 2641 2681 2713 2731 2835 2841 2851 2855 2862 2928 2932 2933 3014 3044 3152 3162 3184 3188 3206 3212 3214 3228 3274 3298 3304 3332 3342 3392 3441 3465 3505 3508 3523 3529 3560 3565 3584 3646 3773 3796 3874 3913 3944 3985 4011 4013 4027 4041 4138 4200 4227 4314 4322 4368 4370 4373 4424 4449 4466 4469 4471 4477 4517 4538 4576 4632 4642 4655 4703 4722 4734 4741 4772 4805 4807 4859 4874 4893 4895 4984 5009 5028 5045 5047 5108 5118 5121 5168 5216 5223 5233 5259 5358 5370 5373 5409 5468 5509 5533 5558 5611 5613 5614 5632 5641 5654 5722 5765 5816 5839 5901 5925 5939 5960 5986 6009 6028 6097 6107 6116 6118 6292 6326 6357 6367 6425 6446 6465 6529 6610 6698 6702 6726 6792 6801 6806 6857 6991 7002 7020 7125 7150 7211 7230 7245 7262 7264 7273 7322 7409 7413 7415 7480 7555 7557 7592 7661 7683 7711 7714 7717 7731 7732 7757 7768 7835 7855 7977 8010 8073 8128 8155 8181 8202 8261 8342 8458 8549 8608 8628 8745 8771 8780 8792 8797 8809 8829 8887 8900 8957 9019 9045 9069 9079 9111 9143 9237 9286 9288 9342 9375 9378 9410 9510 9530 9536 9547 9560 9605 9610 9616 9677 9758 9809 9823 9870 9872 9893 9982 10009 10056 10071 10077 10138 10152 10154 10205 10339 10360 10389 10443 10446 10470 10502 10517 10518 10521 10548 10552 10596 10609 10637 10671 10730 10765 10804 10832 10876 10880 10973 10998 11022 11038 11054 11055 11113 11119 11125 11160 11172 11478 11493 11644 11652 11711 11760 11787 11831 11833 11847 11943 11946 12009 12018 12042 12045 12099 12164 12215 12313 12343 12354 12395 12429 12454 12486 12515 12523 12537 12631 12648 12735 12736 12872 12960 13066 13139 13147 13386 13475 13482 13497 13508 13523 13524 13525 13528 13530 13553 13556 13558 13559 13563 13573 13594 13597 13628 13634 13640 13648 13653 13654 13660 13664 13672 13673 13678 13684 13686 13689 13694 13706 13712 13713 13717 13720 13723 13731 13734 13744 13748 13764 13765 13768 13769 13774 13780 13788 13794 13797 13813 13825 13842 13843 13852 13853 13855 13861 13865 13883 13889 13896 13899 13903 13911 13914 13915 13919 13931 13934 13936 13945 13949 13950 13956 13959 13965 13973 13980 13982 13984 14010 14011 14015 14025 14045 14048 14057 14058 14067 14072 14075 14088 14100 14108 14144 14155 14170 14176 14181 14196 14209 14217 14230 14253 14263 16842 17276 17286 17312 17321 17328 17385 17510 17533 17536 17565 17582 17604 17644 17736 17740 17742 17798 17824 17888 18016 18018 18019 18020 18022 18025 18166 18816 19355 19356 19357 19358 19359 19360 19361 19362 19363 19364 19365 19366 19367 19368 19369 19370 19371 19372 19373 19374 19375 19376 19377 19378 19379 19380 19381 19382 19383 19384 19385 19386 19387 19388 19389 19390 19391 19392 19448 19449 19450 19459 19460 19461 19462 19463 19464 19465 19466 19467 19468 19469 19470 19471 19472 19473 19474 19475 19476 19477 19478 19479 19480 19481 19482 19483 19484 19485 19486 19487 19488 19489 19490 19491 19493 19494 19495 19496 19497 19498 19499 19500 19501 19502 19503 19504 19505 19506 19507 19508 19509 19510 19511 19512 19513 19514 19515 19516 19517 19518 19519 19694 19695 19696 19697 19698 19699 19700 19701 19702 19703 19704 19705 19706 19707 19708 19753 19754 19755 19756 19757 19796 19797 19798 19799 19800 19801 19802 19803 19804 19805 19806 19807 19808 19809 19810 19811 19812 19813 19814 19815 19816 19817 19818 19828 19829 19830 19831 19832 19833 19834 19835 19836 19837 19875 19877 19878 19879 19880 19881 19882 19883 19884 19885 19886 19887 19888 19889 19890 19891 19892 19893 19894 19895 19896 19897 19898 19899 19900 19901 19926 19927 19928 19970 19971 19972 19973 19986 19987 19997 19998 19999 20000 20001 20002 20003 20004 20005 20006 20007 20008 20009 20010 20011 20012 20013 20014 20015 20016 20017 20018 20019 20020 20021 20022 20023 20024 20051 20052 20053 20057 20095 20100 20101 20133 20137 20138 20139 20140 20141 20142 20143 20144 20145 20146 20147 20148 20149 20150 20151 20152 20153 20154 20158 20159 20160 20161 20162 20163 20164 20165 20166 20167 20168 20169 20170 20171 20172 20173 20174 20175 20176 20177 20178 20179 20180 20181 20182 20183 20184 20185 20186 20187 20188 20189 20190 20191 20192 20193 
	}

	weather = {
		period = {
			between = { 0.0 30.0 }
			temperature = { -17.8 -10.5 }
			no_phenomenon = 0.2
			rain_light = 0.05
			rain_heavy = 0.025
			snow = 0.75
			blizzard = 0.35
			arctic_water = 0
			mud = 0.1
			sandstorm = 0
			min_snow_level = 0
		}
		period = {
			between = { 0.1 27.1 }
			temperature = { -11.5 -3.5 }
			no_phenomenon = 0.3
			rain_light = 0.05
			rain_heavy = 0.025
			snow = 0.675
			blizzard = 0.475
			arctic_water = 0
			mud = 0.3
			sandstorm = 0
			min_snow_level = 0
		}
		period = {
			between = { 0.2 30.2 }
			temperature = { -3 9 }
			no_phenomenon = 0.4
			rain_light = 0.1
			rain_heavy = 0.05
			snow = 0.1
			blizzard = 0
			arctic_water = 0
			mud = 0.8
			sandstorm = 0
			min_snow_level = 0
		}
		period = {
			between = { 0.3 29.3 }
			temperature = { 10 16.5 }
			no_phenomenon = 0.75
			rain_light = 0.15
			rain_heavy = 0.075
			snow = 0
			blizzard = 0
			arctic_water = 0
			mud = 0.25
			sandstorm = 0
			min_snow_level = 0
		}
		period = {
			between = { 0.4 30.4 }
			temperature = { 15 24 }
			no_phenomenon = 0.8
			rain_light = 0.2
			rain_heavy = 0.1
			snow = 0
			blizzard = 0
			arctic_water = 0
			mud = 0.15
			sandstorm = 0
			min_snow_level = 0
		}
		period = {
			between = { 0.5 29.5 }
			temperature = { 25 32.5 }
			no_phenomenon = 0.9
			rain_light = 0.125
			rain_heavy = 0.075
			snow = 0
			blizzard = 0
			arctic_water = 0
			mud = 0.05
			sandstorm = 0
			min_snow_level = 0
		}
		period = {
			between = { 0.6 30.6 }
			temperature = { 30.5 38 }
			no_phenomenon = 0.925
			rain_light = 0.125
			rain_heavy = 0.05
			snow = 0
			blizzard = 0
			arctic_water = 0
			mud = 0.015
			sandstorm = 0
			min_snow_level = 0
		}
		period = {
			between = { 0.7 30.7 }
			temperature = { 25 35 }
			no_phenomenon = 0.9
			rain_light = 0.175
			rain_heavy = 0.05
			snow = 0
			blizzard = 0
			arctic_water = 0
			mud = 0.005
			sandstorm = 0
			min_snow_level = 0
		}
		period = {
			between = { 0.8 29.8 }
			temperature = { 12 20 }
			no_phenomenon = 0.65
			rain_light = 0.275
			rain_heavy = 0.1
			snow = 0
			blizzard = 0
			arctic_water = 0
			mud = 0.1
			sandstorm = 0
			min_snow_level = 0
		}
		period = {
			between = { 0.9 30.9 }
			temperature = { 6 12 }
			no_phenomenon = 0.6
			rain_light = 0.375
			rain_heavy = 0.2
			snow = 0
			blizzard = 0
			arctic_water = 0
			mud = 0.25
			sandstorm = 0
			min_snow_level = 0
		}
		period = {
			between = { 0.10 29.10 }
			temperature = { 0 4 }
			no_phenomenon = 0.75
			rain_light = 0.175
			rain_heavy = 0.075
			snow = 0
			blizzard = 0
			arctic_water = 0
			mud = 0.15
			sandstorm = 0
			min_snow_level = 0
		}
		period = {
			between = { 0.11 30.11 }
			temperature = { -15 -8 }
			no_phenomenon = 0.3
			rain_light = 0.1
			rain_heavy = 0.05
			snow = 0.6
			blizzard = 0.35
			arctic_water = 0
			mud = 0.075
			sandstorm = 0
			min_snow_level = 0.22
		}
	}
}
