state = { 
	id = 22 
	name = "STATE_22" 
	manpower = 820511 
	
	state_category = city 
	history = { 
		owner = LIT 
		
		victory_points = { 8600 150 }
		victory_points = { 13436 7 }
		
		buildings = { 
			electrical_substation = 9 
			electrical_substation_big = 8 
			infrastructure = 5 
			industrial_complex = 6 
			arms_factory = 2 
			anti_air_building = 2 
			radar_station = 2 
			thermal_power_plant = 27 
			fuel_silo = 2 
		}
		
		add_core_of = LIT 
	}
	provinces = { 78 266 291 556 999 1242 1266 1371 1484 1933 2076 3080 3123 3453 3460 3853 3860 3981 4036 4315 4662 4991 5335 5367 5645 6362 6542 6812 6830 6936 7593 7680 7706 7983 8186 8301 8435 8600 8923 9459 9686 10385 10397 10783 10874 11174 11624 11648 11813 12023 12185 12575 13151 13189 13202 13207 13208 13230 13238 13248 13259 13276 13306 13317 13347 13359 13365 13374 13381 13427 13436 13472 13513 13529 18005 19843 19844 19845 20606 20613 20618 20619 20620 20621 20623 20624 20625 20626 20627 20628 20629 20631 20632 20633 20634 20635 20636 20637 20638 20639 20640 20641 20642 20643 20644 20645 20646 20647 20648 20649 20650 20651 20652 20653 20654 20655 20656 20657 20658 20659 20660 20661 20662 20663 20664 20665 20666 20667 20669 20670 20671 20672 20673 20674 20675 20676 20677 20678 20682 }
}
