state = { 
	id = 27 
	name = "STATE_27" 
	manpower = 136671 
	
	state_category = town 
	history = { 
		owner = LIT 
		
		victory_points = { 5817 14 }
		
		buildings = { 
			electrical_substation = 3 
			infrastructure = 2 
			industrial_complex = 3 
		}
		
		add_core_of = LIT 
	}
	provinces = { 239 1125 1537 2627 3651 4353 4591 5817 6027 6055 6757 7173 7184 7808 8813 9259 9269 9664 10976 11135 11216 12144 12171 13263 13266 13305 13318 13391 13402 13458 13463 13507 17244 17893 17899 18078 18108 18110 18116 19434 19435 19436 19437 19438 19439 19440 19441 19442 19443 19444 19445 19446 19447 19451 19452 19453 19454 19455 19456 19457 19458 19523 19524 19525 19526 19553 19554 19555 19556 19557 19558 19559 19560 19561 19562 19563 19564 19565 19566 19567 19571 19572 19574 19575 19576 19579 19580 19581 19582 19583 19584 19585 19586 19587 19588 19589 19974 19975 }
}
