state = { 
	id = 30 
	name = "STATE_30" 
	manpower = 1006614 
	
	state_category = large_city 
	
	resources = { rubber = 7 } 
	history = { 
		owner = BLR 
		
		victory_points = { 226 10 }
		victory_points = { 2258 10 }
		victory_points = { 5011 6 }
		victory_points = { 6194 10 }
		victory_points = { 6714 50 }
		victory_points = { 8006 50 }
		victory_points = { 8100 10 }
		victory_points = { 11701 1 }
		victory_points = { 13792 7 }
		
		buildings = { 
			electrical_substation = 6 
			electrical_substation_big = 5 
			infrastructure = 3 
			arms_factory = 5 
			industrial_complex = 5 
			air_base = 1 
			anti_air_building = 2 
			radar_station = 1 
			ammunition_silo = 1 
			thermal_power_plant = 7 
			nuclear_power_plant = 2 
			solar_power_plant = 1 
			wind_power_plant = 1 
			rocket_site = 1 
		}
		
		add_core_of = BLR 
	}
	provinces = { 226 373 424 457 642 662 749 797 850 896 1020 1087 1108 1257 1428 1510 1588 1831 1891 2058 2085 2103 2181 2203 2246 2258 2359 2375 2442 2467 2582 2623 2739 2903 2956 3033 3076 3136 3420 3556 3616 3692 3764 3794 4008 4051 4201 4250 4317 4499 4550 4557 4596 4610 4631 4676 4756 4801 5011 5130 5625 5708 5787 5792 5884 5954 6001 6045 6058 6117 6194 6216 6456 6714 6993 7011 7154 7244 7285 7437 7464 7478 7568 7666 7779 7790 7814 8006 8100 8215 8218 8369 8788 8827 8896 8980 9112 9397 9418 9537 9603 9654 9676 9750 9908 9988 9998 10110 10240 10669 10684 10908 11095 11351 11386 11419 11476 11606 11693 11701 12271 12462 12681 12713 12781 12787 12921 13349 13367 13438 13484 13487 13534 13541 13550 13618 13630 13681 13687 13688 13710 13714 13749 13753 13766 13773 13777 13792 13798 13809 13814 13822 13837 13844 13856 13857 13875 13890 13895 13904 13917 13966 13992 14020 14039 17235 17284 17311 17317 17338 17375 17421 17466 17531 17562 17649 17679 17694 17733 17789 17813 17821 17906 17925 17926 18004 18006 18332 18333 18334 18851 19105 19106 19107 19108 19109 19111 19112 19113 19114 19137 19138 19143 19144 19145 19146 19147 19148 19149 19150 19151 19152 19153 19154 19155 19156 19157 19165 19166 19167 19168 19169 19170 19171 19172 19173 19174 19176 19177 19178 19179 }
}
