state = { 
	id = 35 
	name = "STATE_35" 
	manpower = 134070 
	
	state_category = city 
	history = { 
		owner = LIT 
		
		victory_points = { 9425 2 }
		
		buildings = { 
			electrical_substation = 2 
			infrastructure = 3 
			industrial_complex = 7 
			arms_factory = 1 
			electrical_substation_big = 1 
		}
		
		add_core_of = LIT 
	}
	provinces = { 352 422 893 1216 1232 1299 1436 1681 1970 2110 3161 4622 4657 4753 5052 5322 6400 6479 7535 8486 8588 8828 9253 9399 9425 9775 10285 10301 10460 10602 10779 10904 11073 11085 11213 11319 11665 11783 12590 13298 13452 13491 13495 13512 13538 13566 13578 13629 13650 13820 13858 14124 18000 18066 18112 19520 19521 19522 19527 19537 19538 19539 19540 19541 19542 19551 19552 19591 19592 19593 19594 19976 19977 19978 19979 19980 19981 19982 19983 20585 20586 20587 20588 20589 20590 20591 20592 20593 20594 20595 20596 20597 20598 20599 20600 20601 20602 20603 20604 20605 20607 20608 20609 20610 20611 20612 20622 20630 20668 }
}
