state = { 
	id = 38 
	name = "STATE_38" 
	manpower = 1176576 
	
	state_category = metropolis 
	history = { 
		owner = POL 
		
		victory_points = { 377 20 }
		victory_points = { 616 7 }
		victory_points = { 827 5 }
		victory_points = { 1516 3 }
		victory_points = { 2609 11 }
		victory_points = { 2862 13 }
		victory_points = { 3014 3 }
		victory_points = { 4027 6 }
		victory_points = { 4322 3 }
		victory_points = { 5409 7 }
		victory_points = { 6028 9 }
		victory_points = { 6118 13 }
		victory_points = { 6326 5 }
		victory_points = { 7273 5 }
		victory_points = { 7592 8 }
		victory_points = { 7835 7 }
		victory_points = { 8155 11 }
		victory_points = { 8792 8 }
		victory_points = { 14048 5 }
		
		buildings = { 
			electrical_substation = 3 
			electrical_substation_big = 2 
			infrastructure = 4 
			industrial_complex = 11 
			arms_factory = 6 
			anti_air_building = 3 
			radar_station = 1 
		}
		
		add_core_of = POL 
	}
	provinces = { 24 100 138 216 276 377 425 586 616 623 640 681 827 836 840 1268 1284 1421 1516 1780 1830 1966 2270 2343 2406 2609 2641 2681 2835 2862 3014 3392 3465 3584 4011 4027 4227 4322 4722 4741 4805 4859 5108 5216 5409 5558 5654 5986 6028 6116 6118 6292 6326 6801 6991 7211 7262 7264 7273 7415 7557 7592 7768 7835 7977 8010 8073 8155 8628 8745 8792 8809 8957 9019 9069 9111 9288 9378 9530 9610 9758 9809 10152 10154 10502 10521 10671 10765 10876 11119 11125 11493 11644 11652 11711 11831 11833 11943 11946 12018 12042 12215 12395 12429 12872 13556 13559 13597 13640 13654 13673 13684 13720 13744 13769 13774 13843 13852 13853 13865 13889 13903 13911 13914 13915 13931 13936 13945 13950 13956 13984 14010 14011 14025 14048 14057 14058 14072 14088 14155 14170 14176 14181 14196 14209 14230 14253 17276 17286 17312 17321 17328 17385 17510 17533 17565 17582 17604 17644 17736 17740 17742 17798 17824 17888 18025 18816 19355 19356 19357 19358 19359 19360 19361 19362 19363 19364 19365 19366 19367 19368 19369 19370 19371 19372 19373 19374 19375 19376 19377 19378 19379 19380 19381 19382 19383 19384 19385 19386 19387 19391 19448 19449 19450 19459 19460 19461 19462 19463 19466 19467 19468 19469 19470 19471 19472 19473 19474 19475 19476 19477 19478 19479 19480 19481 19482 19483 19484 19485 19486 19487 19488 19489 19490 19491 19493 19494 19495 19496 19497 19498 19499 19500 19501 19502 19503 19504 19505 19506 19507 19508 19510 19511 19512 19513 }
}
