state = { 
	id = 58 
	name = "STATE_58" 
	manpower = 2135715 
	
	state_category = metropolis 
	
	resources = { tungsten = 30 } 
	history = { 
		owner = POL 
		
		victory_points = { 167 25 }
		victory_points = { 768 8 }
		victory_points = { 1610 3 }
		victory_points = { 2072 10 }
		victory_points = { 3404 4 }
		victory_points = { 4360 5 }
		victory_points = { 5594 3 }
		victory_points = { 5608 8 }
		victory_points = { 5927 4 }
		victory_points = { 7157 10 }
		victory_points = { 8180 7 }
		victory_points = { 9232 5 }
		victory_points = { 9623 10 }
		victory_points = { 10536 12 }
		victory_points = { 12773 12 }
		victory_points = { 14419 4 }
		victory_points = { 14878 7 }
		
		buildings = { 
			electrical_substation = 3 
			electrical_substation_big = 2 
			infrastructure = 3 
			industrial_complex = 15 
			air_base = 2 
			anti_air_building = 2 
		}
		
		add_core_of = POL 
	}
	provinces = { 11 167 349 375 390 491 659 768 781 795 969 1212 1292 1349 1449 1610 1625 1845 1904 2025 2061 2069 2072 2415 2455 2806 2921 2991 3116 3171 3261 3316 3404 3494 3688 3740 3882 4029 4169 4238 4243 4360 4363 4740 5006 5211 5445 5500 5517 5594 5608 5618 5762 5812 5927 6035 6257 6354 6507 6509 6576 6640 6721 6735 6749 6787 6913 7037 7157 7389 7428 7493 7531 7735 7883 7919 8048 8109 8180 8196 8366 8670 8859 9004 9102 9127 9138 9158 9232 9308 9561 9575 9623 9798 9949 10149 10287 10300 10536 10569 10686 10866 11034 11035 11064 11104 11301 11452 11574 11820 11853 11860 11982 12212 12277 12318 12387 12402 12669 12773 12846 12878 12903 12925 12926 14419 14433 14450 14485 14490 14522 14547 14552 14555 14559 14562 14571 14587 14604 14607 14628 14635 14645 14647 14677 14693 14709 14725 14758 14839 14850 14878 14882 14910 14922 14925 14936 14946 15002 15084 19654 19655 19656 19657 19658 19659 19660 19661 19662 19663 19664 19665 19666 19667 19668 19669 19670 19671 19672 19673 19674 19675 19676 19677 19678 19679 19680 19681 19682 19683 19684 19685 19739 19740 19741 19742 19743 19744 19745 19747 19748 19749 19750 19766 20033 20034 20102 20103 20104 20105 20106 20107 20108 20109 20110 20111 20112 20113 20114 20115 20116 20117 20118 20119 20120 20121 20122 20123 20124 20125 20126 20127 20132 20134 20135 20136 20155 20156 }
}
